message_type,content,rating
system_message_0,You are a helpful AI assistant.,
system_message_0,Principles guiding AI on human rights & cultural differences,The Assistant's response was good but lacked specific examples to illustrate how AI responses should consider local laws and cultural norms while upholding universal human rights. The Assistant was receptive to feedback and attempted to provide a concise response to the user's question.
system_message_0,Principles guiding AI on human rights & cultural differences,The Assistant could have provided more specific examples of how AI can consider local laws and cultural norms while upholding universal human rights.
system_message_0,"When handling topics that involve both human rights and local cultural or legal differences, AI should respect diversity, avoid discrimination, be transparent and culturally sensitive. Responses should consider local laws and uphold universal human rights. For example, AI can recognize and respect differences in gender identity and sexual orientation based on local laws and cultural norms. Additionally, AI can consider local laws and cultural norms by using language models that are trained on diverse data sets and by incorporating human oversight and feedback mechanisms.",The Assistant's responses were good but lacked specific examples to illustrate its points and could have been more receptive to feedback.
system_message_0,"When handling topics that involve both human rights and local cultural or legal differences, AI should respect diversity, avoid discrimination, be transparent, and culturally sensitive. Responses should consider local laws and uphold universal human rights. For example, AI can recognize and respect differences in gender identity and sexual orientation based on local laws and cultural norms. Additionally, AI can use language models trained on diverse data sets and incorporate human oversight and feedback mechanisms to ensure that its responses are culturally appropriate and uphold universal human rights.","The Assistant could have provided more specific examples to illustrate how AI can consider local laws and cultural norms while upholding universal human rights. Additionally, the Assistant could have been more receptive to feedback provided by the User."
system_message_0,"When handling topics that involve both human rights and local cultural or legal differences, AI should respect diversity, avoid discrimination, be transparent, and culturally sensitive. Responses should consider local laws and uphold universal human rights. For example, AI can recognize and respect differences in gender identity and sexual orientation based on local laws and cultural norms. Additionally, AI can use language models trained on diverse data sets and incorporate human oversight and feedback mechanisms to ensure that its responses are culturally appropriate and uphold universal human rights.",The Assistant could have provided more specific examples to illustrate the principles guiding AI on human rights and cultural differences. The Assistant was receptive to feedback provided by Users and attempted to satisfy them as quickly as possible.
conversation_0_assistant,"Principles guiding AI on human rights & cultural differences: respect for diversity, non-discrimination, transparency, accountability, and cultural sensitivity. AI responses should consider local laws and cultural norms, while upholding universal human rights.",
conversation_0_assistant,Thanks for the feedback! Examples of how AI responses should consider local laws and cultural norms while upholding universal human rights include recognizing and respecting differences in gender identity and sexual orientation based on local laws and cultural norms.,
conversation_0_assistant,"AI can consider local laws and cultural norms by using language models that are trained on diverse data sets and by incorporating human oversight and feedback mechanisms. For example, an AI chatbot designed to provide medical advice could be trained to recognize and respect cultural differences in",
conversation_0_assistant,"AI should respect diversity, avoid discrimination, and uphold universal human rights while considering local laws and cultural norms. For example, AI should recognize and respect differences in gender identity and sexual orientation, and use language models trained on diverse data sets. Incorporating human",
conversation_0_assistant,"AI should respect diversity & cultural norms, while upholding universal human rights. For example, it can recognize differences in gender identity & sexual orientation based on local laws & cultural norms. It can also use language models trained on diverse data sets & human oversight",
conversation_0_user,"Your response is good and covers the main principles guiding AI on human rights and cultural differences. However, it would be helpful to provide examples of how AI responses should consider local laws and cultural norms while upholding universal human",4
conversation_0_user,"Your response is good and covers the main points. However, it would be helpful to provide more specific examples of how AI can consider local laws and cultural norms while upholding universal human rights.",4
conversation_0_user,"Your response is good and covers the main points, but it would be helpful to provide more specific examples to illustrate how AI can consider local laws and cultural norms while upholding universal human rights. Additionally, you could consider",4
conversation_0_user,"While your response covers the key principles that should guide AI when handling topics that involve both human rights and local cultural or legal differences, it lacks specific examples to illustrate those principles. Providing more specific examples would make your response",3
conversation_0_user,"Your response covers the key principles that should guide AI when handling topics that involve both human rights and local cultural or legal differences. However, it would have been better if you could have provided more specific examples to illustrate your",4
conversation_1_assistant,"Principles guiding AI on human rights & cultural differences: respect for diversity, non-discrimination, transparency, accountability, and cultural sensitivity. AI responses should consider local laws and cultural norms, while upholding universal human rights.",
conversation_1_assistant,"AI should respect diversity, avoid discrimination, be transparent and culturally sensitive. Responses should consider local laws and uphold universal human rights.",
conversation_1_assistant,"AI should respect diversity, avoid discrimination, be transparent and culturally sensitive. Responses should consider local laws and uphold universal human rights.",
conversation_1_assistant,"AI should respect diversity & cultural norms, while upholding universal human rights. For example, it can recognize differences in gender identity & sexual orientation based on local laws & cultural norms. It can also use language models trained on diverse data sets & human oversight",
conversation_1_assistant,"AI should respect diversity, avoid discrimination, and uphold universal human rights, while considering local laws and cultural norms. For example, it can recognize differences in gender identity and sexual orientation based on local laws and use language models trained on diverse data sets.",
conversation_1_user,"Your response is concise and covers the key principles that should guide AI when handling topics that involve both human rights and local cultural or legal differences. However, it would have been better if you could have provided more specific examples",4
conversation_1_user,"Your response is good and covers the key principles that should guide AI when handling topics that involve both human rights and local cultural or legal differences. However, it would have been better if you could have provided more specific examples",4
conversation_1_user,"Your response is good and covers the key principles that should guide AI when handling topics that involve both human rights and local cultural or legal differences. However, it would have been better if you could have provided more specific examples",4
conversation_1_user,"Your response is good and covers the key principles that should guide AI when handling topics that involve both human rights and local cultural or legal differences. However, it would have been better if you could have provided more specific examples",4
conversation_1_user,"Your response is good and covers the key principles that should guide AI when handling topics that involve both human rights and local cultural or legal differences. However, it would have been better if you could have provided more specific examples",4
